2 -16.19474
5 -15.34682425
10 -14.4989085
22 -13.65099275
57 -12.803077
84 -11.95516125
138 -11.1072455
261 -10.25932975
350 -9.411414
447 -8.56349825
562 -7.7155825
661 -6.86766675
787 -6.019751
942 -5.17183525
985 -4.3239195
1071 -3.47600375
1179 -2.628088
1183 -1.78017225
1183 -0.9322565
1230 -0.08434075
1163 0.763575
1204 1.61149075
1068 2.4594065
998 3.30732225
904 4.155238
838 5.00315375
709 5.8510695
542 6.69898525
478 7.546901
370 8.39481675
257 9.2427325
161 10.09064825
97 10.938564
48 11.78647975
31 12.6343955
12 13.48231125
9 14.330227
0 15.17814275
1 16.0260585
1 16.87397425
