4 -46.8419
8 -44.41485625
10 -41.9878125
35 -39.56076875
81 -37.133725
135 -34.70668125
240 -32.2796375
362 -29.85259375
440 -27.42555
529 -24.99850625
667 -22.5714625
701 -20.14441875
800 -17.717375
787 -15.29033125
928 -12.8632875
959 -10.43624375
990 -8.0092
1110 -5.58215625
1116 -3.1551125
1112 -0.72806875
1108 1.698975
1049 4.12601875
968 6.5530625
920 8.98010625
839 11.40715
783 13.83419375
735 16.2612375
663 18.68828125
616 21.115325
559 23.54236875
416 25.9694125
291 28.39645625
181 30.8235
96 33.25054375
58 35.6775875
29 38.10463125
13 40.531675
1 42.95871875
2 45.3857625
1 47.81280625
