1 -28.05808
0 -26.7205055
4 -25.382931
12 -24.0453565
20 -22.707782
57 -21.3702075
94 -20.032633
173 -18.6950585
284 -17.357484
358 -16.0199095
443 -14.682335
539 -13.3447605
618 -12.007186
694 -10.6696115
781 -9.332037
824 -7.9944625
895 -6.656888
1036 -5.3193135
1021 -3.981739
1095 -2.6441645
1103 -1.30659
1147 0.0309845
1099 1.368559
1024 2.7061335
938 4.043708
885 5.3812825
822 6.718857
770 8.0564315
630 9.394006
601 10.7315805
550 12.069155
492 13.4067295
372 14.744304
301 16.0818785
186 17.419453
93 18.7570275
40 20.094602
30 21.4321765
6 22.769751
4 24.1073255
