2 -34.62127
4 -32.906458
18 -31.191646
30 -29.476834
53 -27.762022
104 -26.04721
188 -24.332398
294 -22.617586
434 -20.902774
603 -19.187962
742 -17.47315
907 -15.758338
990 -14.043526
1066 -12.328714
1091 -10.613902
1035 -8.89909
877 -7.184278
642 -5.469466
509 -3.754654
399 -2.039842
384 -0.32503
470 1.389782
657 3.104594
753 4.819406
1002 6.534218
1113 8.24903
1058 9.963842
1030 11.678654
889 13.393466
760 15.108278
651 16.82309
470 18.537902
330 20.252714
201 21.967526
131 23.682338
64 25.39715
34 27.111962
14 28.826774
8 30.541586
3 32.256398
