7 -29.86896
12 -28.30862275
26 -26.7482855
47 -25.18794825
78 -23.627611
139 -22.06727375
195 -20.5069365
295 -18.94659925
414 -17.386262
485 -15.82592475
573 -14.2655875
601 -12.70525025
617 -11.144913
643 -9.58457575
584 -8.0242385
521 -6.46390125
351 -4.903564
161 -3.34322675
48 -1.7828895
37 -0.22255225
94 1.337785
265 2.89812225
477 4.4584595
560 6.01879675
625 7.579134
632 9.13947125
614 10.6998085
557 12.26014575
544 13.820483
377 15.38082025
334 16.9411575
227 18.50149475
147 20.061832
94 21.62216925
53 23.1825065
20 24.74284375
14 26.303181
7 27.86351825
5 29.4238555
4 30.98419275
