2 -15.92746
6 -15.161756
8 -14.396052
14 -13.630348
30 -12.864644
51 -12.09894
66 -11.333236
82 -10.567532
136 -9.801828
184 -9.036124
212 -8.27042
262 -7.504716
337 -6.739012
399 -5.973308
534 -5.207604
498 -4.4419
573 -3.676196
598 -2.910492
603 -2.144788
599 -1.379084
606 -0.61338
630 0.152324
609 0.918028
595 1.683732
628 2.449436
587 3.21514
456 3.980844
411 4.746548
371 5.512252
303 6.277956
258 7.04366
216 7.809364
145 8.575068
125 9.340772
75 10.106476
77 10.87218
33 11.637884
26 12.403588
13 13.169292
6 13.934996
