4 -16.86248
2 -16.01757975
6 -15.1726795
11 -14.32777925
30 -13.482879
43 -12.63797875
63 -11.7930785
155 -10.94817825
192 -10.103278
296 -9.25837775
391 -8.4134775
532 -7.56857725
637 -6.723677
694 -5.87877675
677 -5.0338765
537 -4.18897625
343 -3.344076
205 -2.49917575
120 -1.6542755
102 -0.80937525
87 0.035525
130 0.88042525
173 1.7253255
332 2.57022575
604 3.415126
708 4.26002625
688 5.1049265
654 5.94982675
507 6.794727
390 7.63962725
269 8.4845275
187 9.32942775
118 10.174328
66 11.01922825
38 11.8641285
34 12.70902875
14 13.553929
5 14.39882925
1 15.2437295
1 16.08862975
