2 -21.89743
7 -20.8487205
14 -19.800011
38 -18.7513015
61 -17.702592
110 -16.6538825
188 -15.605173
267 -14.5564635
304 -13.507754
372 -12.4590445
493 -11.410335
561 -10.3616255
581 -9.312916
717 -8.2642065
810 -7.215497
801 -6.1667875
855 -5.118078
900 -4.0693685
1021 -3.020659
982 -1.9719495
940 -0.92324
977 0.1254695
961 1.174179
956 2.2228885
906 3.271598
871 4.3203075
883 5.369017
810 6.4177265
669 7.466436
591 8.5151455
512 9.563855
449 10.6125645
368 11.661274
294 12.7099835
237 13.758693
195 14.8074025
97 15.856112
66 16.9048215
24 17.953531
15 19.0022405
