2 -18.56998
1 -17.6028865
4 -16.635793
10 -15.6686995
18 -14.701606
32 -13.7345125
69 -12.767419
123 -11.8003255
200 -10.833232
332 -9.8661385
480 -8.899045
616 -7.9319515
788 -6.964858
800 -5.9977645
770 -5.030671
621 -4.0635775
410 -3.096484
289 -2.1293905
179 -1.162297
152 -0.1952035
216 0.77189
383 1.7389835
564 2.706077
745 3.6731705
837 4.640264
746 5.6073575
699 6.574451
512 7.5415445
363 8.508638
254 9.4757315
151 10.442825
91 11.4099185
39 12.377012
17 13.3441055
9 14.311199
7 15.2782925
3 16.245386
1 17.2124795
1 18.179573
1 19.1466665
