1 -15.69818
1 -14.90457725
5 -14.1109745
16 -13.31737175
30 -12.523769
60 -11.73016625
130 -10.9365635
209 -10.14296075
336 -9.349358
462 -8.55575525
545 -7.7621525
681 -6.96854975
675 -6.174947
796 -5.38134425
817 -4.5877415
963 -3.79413875
1002 -3.000536
1085 -2.20693325
1126 -1.4133305
1229 -0.61972775
1172 0.173875
1115 0.96747775
1028 1.7610805
1042 2.55468325
936 3.348286
884 4.14188875
790 4.9354915
663 5.72909425
584 6.522697
491 7.31629975
405 8.1099025
274 8.90350525
179 9.697108
96 10.49071075
55 11.2843135
20 12.07791625
11 12.871519
1 13.66512175
0 14.4587245
1 15.25232725
