4 -40.21303
16 -38.18309775
25 -36.1531655
51 -34.12323325
77 -32.093301
124 -30.06336875
214 -28.0334365
313 -26.00350425
446 -23.973572
529 -21.94363975
643 -19.9137075
776 -17.88377525
833 -15.853843
884 -13.82391075
903 -11.7939785
877 -9.76404625
903 -7.734114
858 -5.70418175
921 -3.6742495
946 -1.64431725
860 0.385615
850 2.41554725
867 4.4454795
890 6.47541175
868 8.505344
830 10.53527625
872 12.5652085
750 14.59514075
717 16.625073
618 18.65500525
513 20.6849375
352 22.71486975
284 24.744802
171 26.77473425
98 28.8046665
52 30.83459875
42 32.864531
21 34.89446325
5 36.9243955
4 38.95432775
