9 -33.3126
14 -31.56417325
43 -29.8157465
63 -28.06731975
109 -26.318893
175 -24.57046625
285 -22.8220395
416 -21.07361275
594 -19.325186
727 -17.57675925
921 -15.8283325
1031 -14.07990575
1096 -12.331479
1061 -10.58305225
981 -8.8346255
843 -7.08619875
638 -5.337772
560 -3.58934525
472 -1.8409185
469 -0.09249175
478 1.655935
741 3.40436175
819 5.1527885
929 6.90121525
1049 8.649642
1067 10.39806875
1011 12.1464955
873 13.89492225
737 15.643349
577 17.39177575
395 19.1402025
301 20.88862925
215 22.637056
112 24.38548275
62 26.1339095
39 27.88233625
19 29.630763
6 31.37918975
1 33.1276165
1 34.87604325
