3 -35.05877
7 -33.266689
8 -31.474608
33 -29.682527
59 -27.890446
112 -26.098365
201 -24.306284
318 -22.514203
493 -20.722122
680 -18.930041
805 -17.13796
1028 -15.345879
1112 -13.553798
1087 -11.761717
1067 -9.969636
1012 -8.177555
843 -6.385474
633 -4.593393
503 -2.801312
435 -1.009231
474 0.78285
662 2.574931
759 4.367012
962 6.159093
1093 7.951174
1088 9.743255
1079 11.535336
1019 13.327417
846 15.119498
633 16.911579
520 18.70366
327 20.495741
204 22.287822
117 24.079903
69 25.871984
36 27.664065
10 29.456146
3 31.248227
2 33.040308
1 34.832389
