1 -20.45217
2 -19.4364425
5 -18.420715
3 -17.4049875
12 -16.38926
24 -15.3735325
35 -14.357805
65 -13.3420775
136 -12.32635
209 -11.3106225
279 -10.294895
410 -9.2791675
522 -8.26344
556 -7.2477125
638 -6.231985
585 -5.2162575
537 -4.20053
403 -3.1848025
321 -2.169075
272 -1.1533475
264 -0.13762
324 0.8781075
417 1.893835
504 2.9095625
557 3.92529
581 4.9410175
613 5.956745
480 6.9724725
414 7.9882
308 9.0039275
238 10.019655
148 11.0353825
74 12.05111
47 13.0668375
17 14.082565
12 15.0982925
8 16.11402
6 17.1297475
1 18.145475
1 19.1612025
