3 -30.59691
10 -29.001283
21 -27.405656
48 -25.810029
71 -24.214402
112 -22.618775
204 -21.023148
262 -19.427521
376 -17.831894
485 -16.236267
540 -14.64064
599 -13.045013
615 -11.449386
648 -9.853759
586 -8.258132
550 -6.662505
370 -5.066878
195 -3.471251
82 -1.875624
68 -0.279997
126 1.31563
287 2.911257
425 4.506884
579 6.102511
603 7.698138
662 9.293765
615 10.889392
567 12.485019
529 14.080646
401 15.676273
297 17.2719
213 18.867527
140 20.463154
88 22.058781
50 23.654408
25 25.250035
8 26.845662
7 28.441289
2 30.036916
4 31.632543
