3 -19.20076
5 -18.2037525
12 -17.206745
28 -16.2097375
59 -15.21273
70 -14.2157225
146 -13.218715
294 -12.2217075
424 -11.2247
546 -10.2276925
766 -9.230685
979 -8.2336775
1100 -7.23667
1158 -6.2396625
1058 -5.242655
926 -4.2456475
859 -3.24864
696 -2.2516325
632 -1.254625
601 -0.2576175
661 0.73939
795 1.7363975
920 2.733405
990 3.7304125
1110 4.72742
1146 5.7244275
1018 6.721435
915 7.7184425
692 8.71545
501 9.7124575
320 10.709465
213 11.7064725
127 12.70348
67 13.7004875
30 14.697495
11 15.6945025
4 16.69151
2 17.6885175
0 18.685525
2 19.6825325
