1 -22.17326
7 -21.049652
10 -19.926044
24 -18.802436
29 -17.678828
75 -16.55522
128 -15.431612
191 -14.308004
371 -13.184396
438 -12.060788
610 -10.93718
719 -9.813572
899 -8.689964
921 -7.566356
1021 -6.442748
963 -5.31914
993 -4.195532
969 -3.071924
923 -1.948316
860 -0.824708
924 0.2989
937 1.422508
981 2.546116
996 3.669724
959 4.793332
999 5.91694
912 7.040548
801 8.164156
694 9.287764
504 10.411372
388 11.53498
265 12.658588
133 13.782196
97 14.905804
50 16.029412
18 17.15302
12 18.276628
2 19.400236
2 20.523844
3 21.647452
