9 -28.18726
21 -26.781098
38 -25.374936
71 -23.968774
93 -22.562612
124 -21.15645
126 -19.750288
192 -18.344126
203 -16.937964
284 -15.531802
275 -14.12564
324 -12.719478
373 -11.313316
377 -9.907154
407 -8.500992
403 -7.09483
397 -5.688668
417 -4.282506
397 -2.876344
431 -1.470182
432 -0.06402
421 1.342142
426 2.748304
424 4.154466
388 5.560628
413 6.96679
389 8.372952
329 9.779114
324 11.185276
306 12.591438
263 13.9976
233 15.403762
196 16.809924
150 18.216086
121 19.622248
85 21.02841
51 22.434572
30 23.840734
17 25.246896
6 26.653058
