5 -21.2194
12 -20.144718
27 -19.070036
58 -17.995354
73 -16.920672
117 -15.84599
130 -14.771308
135 -13.696626
211 -12.621944
258 -11.547262
287 -10.47258
334 -9.397898
364 -8.323216
424 -7.248534
409 -6.173852
445 -5.09917
458 -4.024488
455 -2.949806
454 -1.875124
450 -0.800442
488 0.27424
466 1.348922
462 2.423604
466 3.498286
412 4.572968
403 5.64765
373 6.722332
361 7.797014
304 8.871696
274 9.946378
226 11.02106
195 12.095742
146 13.170424
122 14.245106
80 15.319788
47 16.39447
34 17.469152
9 18.543834
4 19.618516
3 20.693198
