3 -29.52657
10 -28.0666765
38 -26.606783
62 -25.1468895
158 -23.686996
200 -22.2271025
223 -20.767209
319 -19.3073155
393 -17.847422
539 -16.3875285
584 -14.927635
587 -13.4677415
695 -12.007848
792 -10.5479545
808 -9.088061
835 -7.6281675
863 -6.168274
900 -4.7083805
902 -3.248487
879 -1.7885935
956 -0.3287
884 1.1311935
925 2.591087
858 4.0509805
941 5.510874
799 6.9707675
812 8.430661
711 9.8905545
647 11.350448
613 12.8103415
524 14.270235
443 15.7301285
379 17.190022
275 18.6499155
208 20.109809
163 21.5697025
98 23.029596
53 24.4894895
17 25.949383
2 27.4092765
