1 -12.00396
2 -11.40917575
1 -10.8143915
11 -10.21960725
28 -9.624823
29 -9.03003875
67 -8.4352545
139 -7.84047025
221 -7.245686
318 -6.65090175
454 -6.0561175
647 -5.46133325
763 -4.866549
780 -4.27176475
834 -3.6769805
874 -3.08219625
784 -2.487412
675 -1.89262775
607 -1.2978435
591 -0.70305925
606 -0.108275
583 0.48650925
695 1.0812935
722 1.67607775
821 2.270862
868 2.86564625
838 3.4604305
740 4.05521475
656 4.649999
475 5.24478325
399 5.8395675
258 6.43435175
160 7.029136
94 7.62392025
43 8.2187045
23 8.81348875
11 9.408273
5 10.00305725
2 10.5978415
4 11.19262575
