8 -15.7747
14 -14.94712175
25 -14.1195435
52 -13.29196525
96 -12.464387
134 -11.63680875
285 -10.8092305
430 -9.98165225
577 -9.154074
814 -8.32649575
1036 -7.4989175
1234 -6.67133925
1335 -5.843761
1387 -5.01618275
1144 -4.1886045
660 -3.36102625
388 -2.533448
223 -1.70586975
222 -0.8782915
200 -0.05071325
230 0.776865
371 1.60444325
593 2.4320215
1027 3.25959975
1321 4.087178
1369 4.91475625
1220 5.7423345
1021 6.56991275
827 7.397491
627 8.22506925
437 9.0526475
279 9.88022575
181 10.707804
102 11.53538225
66 12.3629605
32 13.19053875
11 14.018117
8 14.84569525
5 15.6732735
2 16.50085175
