2 -23.75401
2 -22.5734255
9 -21.392841
17 -20.2122565
43 -19.031672
68 -17.8510875
146 -16.670503
218 -15.4899185
319 -14.309334
474 -13.1287495
560 -11.948165
642 -10.7675805
709 -9.586996
810 -8.4064115
831 -7.225827
890 -6.0452425
926 -4.864658
1011 -3.6840735
1092 -2.503489
1103 -1.3229045
1077 -0.14232
1008 1.0382645
982 2.218849
964 3.3994335
852 4.580018
898 5.7606025
832 6.941187
740 8.1217715
696 9.302356
563 10.4829405
476 11.663525
364 12.8441095
243 14.024694
158 15.2052785
101 16.385863
42 17.5664475
15 18.747032
7 19.9276165
4 21.108201
2 22.2887855
