1 -26.46053
5 -25.16327025
8 -23.8660105
16 -22.56875075
21 -21.271491
50 -19.97423125
115 -18.6769715
176 -17.37971175
299 -16.082452
391 -14.78519225
453 -13.4879325
602 -12.19067275
667 -10.893413
757 -9.59615325
844 -8.2988935
946 -7.00163375
973 -5.704374
1069 -4.40711425
1095 -3.1098545
1071 -1.81259475
1100 -0.515335
1047 0.78192475
1076 2.0791845
1042 3.37644425
942 4.673704
914 5.97096375
851 7.2682235
731 8.56548325
632 9.862743
577 11.16000275
447 12.4572625
349 13.75452225
243 15.051782
135 16.34904175
102 17.6463015
42 18.94356125
22 20.240821
13 21.53808075
4 22.8353405
4 24.13260025
