1 -11.90229
0 -11.37111125
1 -10.8399325
2 -10.30875375
2 -9.777575
4 -9.24639625
10 -8.7152175
17 -8.18403875
44 -7.65286
67 -7.12168125
126 -6.5905025
198 -6.05932375
295 -5.528145
469 -4.99696625
588 -4.4657875
681 -3.93460875
576 -3.40343
525 -2.87225125
413 -2.3410725
335 -1.80989375
314 -1.278715
280 -0.74753625
255 -0.2163575
264 0.31482125
318 0.846
367 1.37717875
387 1.9083575
539 2.43953625
575 2.970715
692 3.50189375
577 4.0330725
419 4.56425125
280 5.09543
204 5.62660875
89 6.1577875
59 6.68896625
32 7.220145
16 7.75132375
7 8.2825025
5 8.81368125
