9 -39.21206
14 -37.14591275
30 -35.0797655
73 -33.01361825
107 -30.947471
184 -28.88132375
260 -26.8151765
417 -24.74902925
518 -22.682882
623 -20.61673475
792 -18.5505875
775 -16.48444025
857 -14.418293
859 -12.35214575
865 -10.2859985
961 -8.21985125
875 -6.153704
885 -4.08755675
870 -2.0214095
966 0.04473775
993 2.110885
859 4.17703225
916 6.2431795
848 8.30932675
852 10.375474
856 12.44162125
800 14.5077685
681 16.57391575
658 18.640063
490 20.70621025
383 22.7723575
261 24.83850475
194 26.904652
103 28.97079925
64 31.0369465
27 33.10309375
22 35.169241
2 37.23538825
1 39.3015355
1 41.36768275
