3 -12.62473
3 -11.97431975
8 -11.3239095
11 -10.67349925
32 -10.023089
65 -9.37267875
100 -8.7222685
220 -8.07185825
355 -7.421448
482 -6.77103775
667 -6.1206275
839 -5.47021725
936 -4.819807
1022 -4.16939675
1060 -3.5189865
1051 -2.86857625
1010 -2.218166
963 -1.56775575
907 -0.9173455
863 -0.26693525
893 0.383475
957 1.03388525
974 1.6842955
1090 2.33470575
1080 2.985116
1009 3.63552625
884 4.2859365
751 4.93634675
638 5.586757
479 6.23716725
291 6.8875775
192 7.53798775
108 8.188398
59 8.83880825
24 9.4892185
12 10.13962875
5 10.790039
2 11.44044925
1 12.0908595
2 12.74126975
