1 -15.92746
2 -15.17800175
3 -14.4285435
10 -13.67908525
15 -12.929627
36 -12.18016875
44 -11.4307105
68 -10.68125225
95 -9.931794
139 -9.18233575
168 -8.4328775
202 -7.68341925
251 -6.933961
343 -6.18450275
436 -5.4350445
464 -4.68558625
460 -3.936128
508 -3.18666975
530 -2.4372115
504 -1.68775325
519 -0.938295
531 -0.18883675
548 0.5606215
530 1.31007975
503 2.059538
571 2.80899625
427 3.5584545
405 4.30791275
342 5.057371
293 5.80682925
241 6.5562875
204 7.30574575
157 8.055204
106 8.80466225
90 9.5541205
54 10.30357875
53 11.053037
16 11.80249525
13 12.5519535
8 13.30141175
