1 -10.83332
4 -10.2680625
9 -9.702805
15 -9.1375475
23 -8.57229
60 -8.0070325
77 -7.441775
146 -6.8765175
224 -6.31126
315 -5.7460025
403 -5.180745
486 -4.6154875
522 -4.05023
555 -3.4849725
554 -2.919715
449 -2.3544575
406 -1.7892
356 -1.2239425
325 -0.658685
335 -0.0934275
338 0.47183
387 1.0370875
440 1.602345
463 2.1676025
522 2.73286
560 3.2981175
481 3.863375
419 4.4286325
332 4.99389
245 5.5591475
192 6.124405
102 6.6896625
72 7.25492
35 7.8201775
12 8.385435
9 8.9506925
1 9.51595
1 10.0812075
0 10.646465
2 11.2117225
