1 -39.71073
1 -37.7058825
10 -35.701035
18 -33.6961875
54 -31.69134
87 -29.6864925
160 -27.681645
244 -25.6767975
388 -23.67195
518 -21.6671025
647 -19.662255
773 -17.6574075
934 -15.65256
1002 -13.6477125
1000 -11.642865
968 -9.6380175
936 -7.63317
790 -5.6283225
750 -3.623475
759 -1.6186275
798 0.38622
819 2.3910675
885 4.395915
935 6.4007625
904 8.40561
994 10.4104575
955 12.415305
827 14.4201525
753 16.425
627 18.4298475
431 20.434695
337 22.4395425
211 24.44439
128 26.4492375
72 28.454085
45 30.4589325
10 32.46378
7 34.4686275
1 36.473475
2 38.4783225
