2 -20.16187
14 -19.1404015
24 -18.118933
51 -17.0974645
102 -16.075996
174 -15.0545275
224 -14.033059
299 -13.0115905
385 -11.990122
478 -10.9686535
560 -9.947185
622 -8.9257165
692 -7.904248
770 -6.8827795
872 -5.861311
936 -4.8398425
989 -3.818374
1065 -2.7969055
1041 -1.775437
968 -0.7539685
1038 0.2675
998 1.2889685
1005 2.310437
952 3.3319055
883 4.353374
865 5.3748425
751 6.396311
659 7.4177795
657 8.439248
525 9.4607165
427 10.482185
353 11.5036535
265 12.525122
210 13.5465905
116 14.568059
68 15.5895275
32 16.610996
13 17.6324645
4 18.653933
2 19.6754015
