3 -16.85664
6 -16.00310925
12 -15.1495785
22 -14.29604775
46 -13.442517
91 -12.58898625
151 -11.7354555
243 -10.88192475
447 -10.028394
640 -9.17486325
873 -8.3213325
1114 -7.46780175
1261 -6.614271
1400 -5.76074025
1394 -4.9072095
1068 -4.05367875
573 -3.200148
362 -2.34661725
220 -1.4930865
205 -0.63955575
221 0.213975
266 1.06750575
468 1.9210365
830 2.77456725
1308 3.628098
1420 4.48162875
1364 5.3351595
1187 6.18869025
932 7.042221
724 7.89575175
535 8.7492825
355 9.60281325
211 10.456344
118 11.30987475
65 12.1634055
39 13.01693625
17 13.870467
3 14.72399775
3 15.5775285
5 16.43105925
