1 -10.11257
3 -9.5853375
9 -9.058105
17 -8.5308725
27 -8.00364
43 -7.4764075
66 -6.949175
138 -6.4219425
226 -5.89471
402 -5.3674775
497 -4.840245
622 -4.3130125
697 -3.78578
545 -3.2585475
446 -2.731315
434 -2.2040825
317 -1.67685
314 -1.1496175
268 -0.622385
246 -0.0951525
260 0.43208
313 0.9593125
373 1.486545
408 2.0137775
560 2.54101
618 3.0682425
662 3.595475
507 4.1227075
388 4.64994
295 5.1771725
177 5.704405
94 6.2316375
49 6.75887
32 7.2861025
14 7.813335
11 8.3405675
4 8.8678
4 9.3950325
1 9.922265
1 10.4494975
