3 -30.95995
16 -29.372338
19 -27.784726
43 -26.197114
67 -24.609502
146 -23.02189
231 -21.434278
362 -19.846666
524 -18.259054
629 -16.671442
763 -15.08383
818 -13.496218
873 -11.908606
963 -10.320994
865 -8.733382
789 -7.14577
604 -5.558158
311 -3.970546
86 -2.382934
61 -0.795322
96 0.79229
261 2.379902
590 3.967514
737 5.555126
846 7.142738
893 8.73035
817 10.317962
832 11.905574
754 13.493186
570 15.080798
463 16.66841
358 18.256022
243 19.843634
131 21.431246
85 23.018858
29 24.60647
21 26.194082
9 27.781694
5 29.369306
4 30.956918
