4 -16.86248
4 -16.011009
9 -15.159538
15 -14.308067
50 -13.456596
65 -12.605125
117 -11.753654
244 -10.902183
317 -10.050712
467 -9.199241
683 -8.34777
863 -7.496299
1062 -6.644828
1079 -5.793357
1113 -4.941886
852 -4.090415
500 -3.238944
302 -2.387473
200 -1.536002
171 -0.684531
142 0.16694
219 1.018411
321 1.869882
607 2.721353
1011 3.572824
1143 4.424295
1107 5.275766
973 6.127237
785 6.978708
571 7.830179
412 8.68165
274 9.533121
177 10.384592
90 11.236063
50 12.087534
34 12.939005
18 13.790476
4 14.641947
2 15.493418
3 16.344889
