2 -18.56998
1 -17.63511875
4 -16.7002575
7 -15.76539625
14 -14.830535
17 -13.89567375
53 -12.9608125
90 -12.02595125
150 -11.09109
240 -10.15622875
362 -9.2213675
476 -8.28650625
613 -7.351645
704 -6.41678375
702 -5.4819225
582 -4.54706125
468 -3.6122
301 -2.67733875
165 -1.7424775
115 -0.80761625
134 0.127245
188 1.06210625
374 1.9969675
513 2.93182875
637 3.86669
685 4.80155125
639 5.7364125
563 6.67127375
425 7.606135
308 8.54099625
209 9.4758575
122 10.41071875
88 11.34558
33 12.28044125
18 13.2153025
7 14.15016375
9 15.085025
4 16.01988625
1 16.9547475
1 17.88960875
