1 -27.70375
4 -26.320712
18 -24.937674
24 -23.554636
52 -22.171598
109 -20.78856
177 -19.405522
310 -18.022484
381 -16.639446
435 -15.256408
516 -13.87337
582 -12.490332
681 -11.107294
785 -9.724256
814 -8.341218
861 -6.95818
1036 -5.575142
998 -4.192104
1099 -2.809066
1119 -1.426028
1106 -0.04299
1117 1.340048
1006 2.723086
948 4.106124
886 5.489162
849 6.8722
731 8.255238
656 9.638276
584 11.021314
515 12.404352
452 13.78739
379 15.170428
289 16.553466
204 17.936504
113 19.319542
60 20.70258
25 22.085618
13 23.468656
6 24.851694
2 26.234732
