4 -40.43549
7 -38.338757
10 -36.242024
31 -34.145291
78 -32.048558
113 -29.951825
220 -27.855092
343 -25.758359
448 -23.661626
588 -21.564893
792 -19.46816
883 -17.371427
882 -15.274694
946 -13.177961
943 -11.081228
926 -8.984495
899 -6.887762
901 -4.791029
940 -2.694296
961 -0.597563
941 1.49917
908 3.595903
900 5.692636
898 7.789369
888 9.886102
888 11.982835
894 14.079568
766 16.176301
741 18.273034
560 20.369767
399 22.4665
277 24.563233
152 26.659966
89 28.756699
55 30.853432
29 32.950165
8 35.046898
1 37.143631
2 39.240364
1 41.337097
