3 -34.83826
4 -33.12916525
7 -31.4200705
24 -29.71097575
44 -28.001881
82 -26.29278625
143 -24.5836915
246 -22.87459675
338 -21.165502
564 -19.45640725
731 -17.7473125
922 -16.03821775
1042 -14.329123
1129 -12.62002825
1139 -10.9109335
1161 -9.20183875
970 -7.492744
712 -5.78364925
489 -4.0745545
318 -2.36545975
225 -0.656365
316 1.05272975
565 2.7618245
772 4.47091925
1006 6.180014
1121 7.88910875
1105 9.5982035
1046 11.30729825
989 13.016393
865 14.72548775
669 16.4345825
501 18.14367725
354 19.852772
211 21.56186675
119 23.2709615
70 24.98005625
26 26.689151
14 28.39824575
8 30.1073405
8 31.81643525
