6 -13.92728
9 -13.19996525
20 -12.4726505
34 -11.74533575
72 -11.018021
132 -10.29070625
246 -9.5633915
321 -8.83607675
413 -8.108762
596 -7.38144725
642 -6.6541325
691 -5.92681775
780 -5.199503
824 -4.47218825
920 -3.7448735
973 -3.01755875
1021 -2.290244
1112 -1.56292925
1092 -0.8356145
1093 -0.10829975
1061 0.619015
983 1.34632975
1000 2.0736445
937 2.80095925
884 3.528274
772 4.25558875
772 4.9829035
658 5.71021825
595 6.437533
477 7.16484775
367 7.8921625
252 8.61947725
173 9.346792
79 10.07410675
45 10.8014215
23 11.52873625
5 12.256051
4 12.98336575
1 13.7106805
1 14.43799525
