2 -17.46314
5 -16.59059825
2 -15.7180565
16 -14.84551475
26 -13.972973
43 -13.10043125
119 -12.2278895
192 -11.35534775
380 -10.482806
471 -9.61026425
774 -8.7377225
953 -7.86518075
1221 -6.992639
1417 -6.12009725
1509 -5.2475555
1228 -4.37501375
730 -3.502472
404 -2.62993025
273 -1.7573885
182 -0.88484675
177 -0.012305
284 0.86023675
398 1.7327785
791 2.60532025
1231 3.477862
1392 4.35040375
1344 5.2229455
1208 6.09548725
950 6.968029
718 7.84057075
518 8.7131125
344 9.58565425
215 10.458196
140 11.33073775
56 12.2032795
32 13.07582125
12 13.948363
6 14.82090475
3 15.6934465
2 16.56598825
