2 -34.83826
3 -33.12916525
6 -31.4200705
23 -29.71097575
28 -28.001881
65 -26.29278625
143 -24.5836915
227 -22.87459675
375 -21.165502
541 -19.45640725
720 -17.7473125
901 -16.03821775
1096 -14.329123
1168 -12.62002825
1161 -10.9109335
1176 -9.20183875
1018 -7.492744
756 -5.78364925
469 -4.0745545
248 -2.36545975
181 -0.656365
269 1.05272975
524 2.7618245
754 4.47091925
1049 6.180014
1159 7.88910875
1110 9.5982035
1103 11.30729825
1022 13.016393
869 14.72548775
655 16.4345825
498 18.14367725
317 19.852772
199 21.56186675
111 23.2709615
55 24.98005625
25 26.689151
10 28.39824575
6 30.1073405
5 31.81643525
