3 -19.01506
6 -18.05788975
19 -17.1007195
37 -16.14354925
81 -15.186379
141 -14.22920875
190 -13.2720385
287 -12.31486825
360 -11.357698
448 -10.40052775
499 -9.4433575
601 -8.48618725
688 -7.529017
754 -6.57184675
827 -5.6146765
969 -4.65750625
1012 -3.700336
992 -2.74316575
1056 -1.7859955
1043 -0.82882525
1089 0.128345
1051 1.08551525
1028 2.0426855
926 2.99985575
917 3.957026
860 4.91419625
768 5.8713665
628 6.82853675
610 7.785707
541 8.74287725
423 9.7000475
416 10.65721775
278 11.614388
211 12.57155825
123 13.5287285
68 14.48589875
31 15.443069
14 16.40023925
3 17.3574095
2 18.31457975
