1 -21.95543
2 -20.90577225
1 -19.8561145
9 -18.80645675
22 -17.756799
20 -16.70714125
47 -15.6574835
100 -14.60782575
124 -13.558168
173 -12.50851025
241 -11.4588525
307 -10.40919475
362 -9.359537
415 -8.30987925
465 -7.2602215
495 -6.21056375
538 -5.160906
483 -4.11124825
414 -3.0615905
410 -2.01193275
357 -0.962275
395 0.08738275
433 1.1370405
443 2.18669825
495 3.236356
499 4.28601375
463 5.3356715
474 6.38532925
434 7.434987
339 8.48464475
312 9.5343025
233 10.58396025
157 11.633618
114 12.68327575
80 13.7329335
43 14.78259125
22 15.832249
17 16.88190675
8 17.9315645
2 18.98122225
