4 -26.73755
7 -25.3634965
9 -23.989443
30 -22.6153895
59 -21.241336
86 -19.8672825
135 -18.493229
166 -17.1191755
217 -15.745122
233 -14.3710685
266 -12.997015
309 -11.6229615
346 -10.248908
374 -8.8748545
435 -7.500801
465 -6.1267475
517 -4.752694
541 -3.3786405
499 -2.004587
546 -0.6305335
500 0.74352
517 2.1175735
518 3.491627
471 4.8656805
445 6.239734
409 7.6137875
328 8.987841
313 10.3618945
257 11.735948
219 13.1100015
191 14.484055
167 15.8581085
122 17.232162
94 18.6062155
51 19.980269
32 21.3543225
19 22.728376
9 24.1024295
1 25.476483
2 26.8505365
