1 -24.44322
1 -23.27079375
4 -22.0983675
9 -20.92594125
38 -19.753515
63 -18.58108875
118 -17.4086625
176 -16.23623625
236 -15.06381
314 -13.89138375
433 -12.7189575
536 -11.54653125
589 -10.374105
688 -9.20167875
795 -8.0292525
877 -6.85682625
1016 -5.6844
995 -4.51197375
1044 -3.3395475
1063 -2.16712125
1098 -0.994695
1101 0.17773125
1059 1.3501575
1119 2.52258375
975 3.69501
954 4.86743625
859 6.0398625
805 7.21228875
696 8.384715
615 9.55714125
477 10.7295675
421 11.90199375
307 13.07442
222 14.24684625
160 15.4192725
111 16.59169875
53 17.764125
22 18.93655125
8 20.1089775
4 21.28140375
