1 -11.25696
0 -10.706729
6 -10.156498
4 -9.606267
12 -9.056036
34 -8.505805
64 -7.955574
104 -7.405343
187 -6.855112
325 -6.304881
543 -5.75465
854 -5.204419
1110 -4.654188
1330 -4.103957
1301 -3.553726
1035 -3.003495
877 -2.453264
706 -1.903033
609 -1.352802
537 -0.802571
578 -0.25234
581 0.297891
588 0.848122
728 1.398353
926 1.948584
1126 2.498815
1271 3.049046
1343 3.599277
1125 4.149508
823 4.699739
537 5.24997
353 5.800201
211 6.350432
92 6.900663
53 7.450894
32 8.001125
13 8.551356
7 9.101587
6 9.651818
3 10.202049
