2 -20.10984
5 -19.05581875
21 -18.0017975
35 -16.94777625
70 -15.893755
103 -14.83973375
168 -13.7857125
266 -12.73169125
352 -11.67767
413 -10.62364875
555 -9.5696275
636 -8.51560625
752 -7.461585
899 -6.40756375
1037 -5.3535425
1055 -4.29952125
1124 -3.2455
1210 -2.19147875
1238 -1.1374575
1220 -0.08343625
1202 0.970585
1214 2.02460625
1119 3.0786275
952 4.13264875
917 5.18667
738 6.24069125
698 7.2947125
543 8.34873375
454 9.402755
344 10.45677625
258 11.5107975
198 12.56481875
103 13.61884
67 14.67286125
36 15.7268825
23 16.78090375
10 17.834925
3 18.88894625
0 19.9429675
1 20.99698875
