1 -11.90229
0 -11.37111125
1 -10.8399325
2 -10.30875375
3 -9.777575
4 -9.24639625
12 -8.7152175
18 -8.18403875
54 -7.65286
78 -7.12168125
147 -6.5905025
232 -6.05932375
332 -5.528145
529 -4.99696625
686 -4.4657875
770 -3.93460875
654 -3.40343
602 -2.87225125
482 -2.3410725
380 -1.80989375
359 -1.278715
328 -0.74753625
293 -0.2163575
312 0.31482125
362 0.846
412 1.37717875
458 1.9083575
597 2.43953625
659 2.970715
780 3.50189375
669 4.0330725
489 4.56425125
319 5.09543
231 5.62660875
108 6.1577875
67 6.68896625
36 7.220145
17 7.75132375
12 8.2825025
6 8.81368125
