2 -19.97228
9 -18.9530015
9 -17.933723
17 -16.9144445
39 -15.895166
72 -14.8758875
143 -13.856609
252 -12.8373305
404 -11.818052
499 -10.7987735
742 -9.779495
928 -8.7602165
984 -7.740938
1045 -6.7216595
1037 -5.702381
954 -4.6831025
884 -3.663824
842 -2.6445455
759 -1.625267
760 -0.6059885
746 0.41329
841 1.4325685
852 2.451847
968 3.4711255
980 4.490404
1008 5.5096825
941 6.528961
894 7.5482395
748 8.567518
583 9.5867965
423 10.606075
276 11.6253535
165 12.644632
86 13.6639105
43 14.683189
16 15.7024675
11 16.721746
3 17.7410245
3 18.760303
1 19.7795815
