3 -36.94594
11 -35.09088475
17 -33.2358295
36 -31.38077425
66 -29.525719
103 -27.67066375
181 -25.8156085
300 -23.96055325
391 -22.105498
593 -20.25044275
692 -18.3953875
872 -16.54033225
989 -14.685277
1031 -12.83022175
1054 -10.9751665
946 -9.12011125
864 -7.265056
765 -5.41000075
622 -3.5549455
647 -1.69989025
627 0.155165
703 2.01022025
718 3.8652755
872 5.72033075
966 7.575386
990 9.43044125
944 11.2854965
954 13.14055175
770 14.995607
728 16.85066225
557 18.7057175
378 20.56077275
281 22.415828
160 24.27088325
93 26.1259385
50 27.98099375
32 29.836049
17 31.69110425
4 33.5461595
3 35.40121475
