2 -33.49918
9 -31.75453025
26 -30.0098805
41 -28.26523075
88 -26.520581
142 -24.77593125
238 -23.0312815
370 -21.28663175
552 -19.541982
695 -17.79733225
872 -16.0526825
1021 -14.30803275
1129 -12.563383
1161 -10.81873325
1108 -9.0740835
894 -7.32943375
693 -5.584784
459 -3.84013425
382 -2.0954845
296 -0.35083475
414 1.393815
646 3.13846475
781 4.8831145
1049 6.62776425
1110 8.372414
1104 10.11706375
1040 11.8617135
903 13.60636325
807 15.351013
596 17.09566275
447 18.8403125
287 20.58496225
197 22.329612
113 24.07426175
61 25.8189115
22 27.56356125
12 29.308211
6 31.05286075
2 32.7975105
1 34.54216025
