2 -14.66548
1 -13.92681825
6 -13.1881565
15 -12.44949475
33 -11.710833
51 -10.97217125
99 -10.2335095
152 -9.49484775
227 -8.756186
269 -8.01752425
391 -7.2788625
501 -6.54020075
622 -5.801539
706 -5.06287725
776 -4.3242155
821 -3.58555375
891 -2.846892
847 -2.10823025
814 -1.3695685
826 -0.63090675
858 0.107755
846 0.84641675
840 1.5850785
862 2.32374025
835 3.062402
742 3.80106375
676 4.5397255
556 5.27838725
480 6.017049
335 6.75571075
262 7.4943725
182 8.23303425
137 8.971696
90 9.71035775
55 10.4490195
17 11.18768125
10 11.926343
2 12.66500475
1 13.4036665
2 14.14232825
