3 -33.81297
7 -32.1348565
9 -30.456743
25 -28.7786295
43 -27.100516
54 -25.4224025
99 -23.744289
187 -22.0661755
212 -20.388062
284 -18.7099485
356 -17.031835
435 -15.3537215
477 -13.675608
462 -11.9974945
537 -10.319381
481 -8.6412675
385 -6.963154
283 -5.2850405
269 -3.606927
222 -1.9288135
207 -0.2507
269 1.4274135
314 3.105527
359 4.7836405
457 6.461754
484 8.1398675
537 9.817981
482 11.4960945
430 13.174208
411 14.8523215
312 16.530435
238 18.2085485
196 19.886662
132 21.5647755
80 23.242889
54 24.9210025
26 26.599116
9 28.2772295
13 29.955343
2 31.6334565
