5 -38.70164
9 -36.7094925
15 -34.717345
35 -32.7251975
51 -30.73305
127 -28.7409025
185 -26.748755
282 -24.7566075
457 -22.76446
575 -20.7723125
736 -18.780165
903 -16.7880175
949 -14.79587
1037 -12.8037225
1008 -10.811575
1026 -8.8194275
889 -6.82728
833 -4.8351325
749 -2.842985
784 -0.8508375
738 1.14131
773 3.1334575
824 5.125605
958 7.1177525
1003 9.1099
983 11.1020475
983 13.094195
828 15.0863425
703 17.07849
523 19.0706375
411 21.062785
267 23.0549325
176 25.04708
100 27.0392275
41 29.031375
19 31.0235225
20 33.01567
8 35.0078175
1 36.999965
1 38.9921125
