2 -14.62426
4 -13.8501715
17 -13.076083
24 -12.3019945
56 -11.527906
94 -10.7538175
135 -9.979729
185 -9.2056405
192 -8.431552
300 -7.6574635
311 -6.883375
356 -6.1092865
375 -5.335198
420 -4.5611095
472 -3.787021
474 -3.0129325
570 -2.238844
556 -1.4647555
524 -0.690667
573 0.0834215
526 0.85751
502 1.6315985
478 2.405687
456 3.1797755
418 3.953864
366 4.7279525
357 5.502041
298 6.2761295
280 7.050218
219 7.8243065
181 8.598395
116 9.3724835
77 10.146572
38 10.9206605
16 11.694749
6 12.4688375
4 13.242926
0 14.0170145
1 14.791103
1 15.5651915
