8 -30.90467
6 -29.28392925
24 -27.6631885
48 -26.04244775
53 -24.421707
136 -22.80096625
172 -21.1802255
249 -19.55948475
313 -17.938744
414 -16.31800325
484 -14.6972625
494 -13.07652175
515 -11.455781
511 -9.83504025
538 -8.2142995
416 -6.59355875
292 -4.972818
199 -3.35207725
129 -1.7313365
115 -0.11059575
182 1.510145
281 3.13088575
379 4.7516265
462 6.37236725
558 7.993108
537 9.61384875
507 11.2345895
512 12.85533025
448 14.476071
324 16.09681175
228 17.7175525
182 19.33829325
121 20.959034
81 22.57977475
42 24.2005155
22 25.82125625
9 27.441997
4 29.06273775
1 30.6834785
3 32.30421925
