1 -20.55565
5 -19.49975025
7 -18.4438505
14 -17.38795075
26 -16.332051
77 -15.27615125
85 -14.2202515
150 -13.16435175
209 -12.108452
304 -11.05255225
344 -9.9966525
399 -8.94075275
416 -7.884853
440 -6.82895325
467 -5.7730535
444 -4.71715375
482 -3.661254
460 -2.60535425
435 -1.5494545
476 -0.49355475
472 0.562345
452 1.61824475
442 2.6741445
456 3.73004425
483 4.785944
437 5.84184375
421 6.8977435
363 7.95364325
325 9.009543
258 10.06544275
194 11.1213425
155 12.17724225
98 13.233142
59 14.28904175
32 15.3449415
21 16.40084125
10 17.456741
5 18.51264075
0 19.5685405
2 20.62444025
