2 -12.95717
3 -12.32812575
5 -11.6990815
12 -11.07003725
19 -10.440993
43 -9.81194875
49 -9.1829045
95 -8.55386025
125 -7.924816
186 -7.29577175
229 -6.6667275
309 -6.03768325
364 -5.408639
442 -4.77959475
457 -4.1505505
458 -3.52150625
512 -2.892462
456 -2.26341775
478 -1.6343735
425 -1.00532925
467 -0.376285
437 0.25275925
472 0.8818035
465 1.51084775
497 2.139892
468 2.76893625
461 3.3979805
396 4.02702475
365 4.656069
314 5.28511325
260 5.9141575
190 6.54320175
144 7.172246
109 7.80129025
54 8.4303345
47 9.05937875
32 9.688423
12 10.31746725
7 10.9465115
1 11.57555575
