1 -21.76581
2 -20.70356575
6 -19.6413215
17 -18.57907725
30 -17.516833
53 -16.45458875
89 -15.3923445
188 -14.33010025
277 -13.267856
455 -12.20561175
569 -11.1433675
749 -10.08112325
789 -9.018879
927 -7.95663475
931 -6.8943905
935 -5.83214625
922 -4.769902
888 -3.70765775
924 -2.6454135
916 -1.58316925
850 -0.520925
917 0.54131925
894 1.6035635
889 2.66580775
842 3.728052
936 4.79029625
923 5.8525405
839 6.91478475
833 7.977029
685 9.03927325
601 10.1015175
416 11.16376175
274 12.226006
175 13.28825025
93 14.3504945
57 15.41273875
28 16.474983
16 17.53722725
5 18.5994715
5 19.66171575
