6 -31.62208
7 -29.983404
14 -28.344728
49 -26.706052
56 -25.067376
120 -23.4287
173 -21.790024
272 -20.151348
352 -18.512672
427 -16.873996
541 -15.23532
554 -13.596644
598 -11.957968
600 -10.319292
622 -8.680616
549 -7.04194
399 -5.403264
252 -3.764588
170 -2.125912
141 -0.487236
191 1.15144
312 2.790116
414 4.428792
525 6.067468
618 7.706144
609 9.34482
619 10.983496
562 12.622172
528 14.260848
371 15.899524
286 17.5382
219 19.176876
153 20.815552
94 22.454228
50 24.092904
32 25.73158
12 27.370256
5 29.008932
1 30.647608
4 32.286284
