1 -36.81024
3 -34.99379125
10 -33.1773425
19 -31.36089375
34 -29.544445
93 -27.72799625
136 -25.9115475
195 -24.09509875
297 -22.27865
436 -20.46220125
538 -18.6457525
684 -16.82930375
756 -15.012855
771 -13.19640625
818 -11.3799575
842 -9.56350875
795 -7.74706
658 -5.93061125
515 -4.1141625
426 -2.29771375
430 -0.481265
454 1.33518375
553 3.1516325
588 4.96808125
712 6.78453
839 8.60097875
809 10.4174275
797 12.23387625
725 14.050325
588 15.86677375
434 17.6832225
341 19.49967125
252 21.31612
159 23.13256875
85 24.9490175
58 26.76546625
24 28.581915
11 30.39836375
7 32.2148125
4 34.03126125
