6 -28.56116
20 -27.079947
38 -25.598734
89 -24.117521
135 -22.636308
213 -21.155095
278 -19.673882
368 -18.192669
452 -16.711456
516 -15.230243
557 -13.74903
644 -12.267817
723 -10.786604
793 -9.305391
888 -7.824178
995 -6.342965
1025 -4.861752
1061 -3.380539
969 -1.899326
1050 -0.418113
1039 1.0631
1016 2.544313
961 4.025526
941 5.506739
878 6.987952
756 8.469165
688 9.950378
602 11.431591
496 12.912804
452 14.394017
431 15.87523
358 17.356443
261 18.837656
195 20.318869
96 21.800082
77 23.281295
35 24.762508
7 26.243721
5 27.724934
3 29.206147
