2 -12.95717
8 -12.32812575
9 -11.6990815
13 -11.07003725
32 -10.440993
56 -9.81194875
70 -9.1829045
120 -8.55386025
141 -7.924816
222 -7.29577175
267 -6.6667275
360 -6.03768325
417 -5.408639
486 -4.77959475
509 -4.1505505
523 -3.52150625
567 -2.892462
535 -2.26341775
538 -1.6343735
501 -1.00532925
532 -0.376285
510 0.25275925
553 0.8818035
517 1.51084775
560 2.139892
519 2.76893625
521 3.3979805
451 4.02702475
408 4.656069
351 5.28511325
302 5.9141575
219 6.54320175
183 7.172246
128 7.80129025
80 8.4303345
57 9.05937875
42 9.688423
20 10.31746725
13 10.9465115
2 11.57555575
