2 -21.86188
3 -20.75375975
8 -19.6456395
20 -18.53751925
26 -17.429399
80 -16.32127875
143 -15.2131585
235 -14.10503825
349 -12.996918
524 -11.88879775
698 -10.7806775
771 -9.67255725
902 -8.564437
920 -7.45631675
965 -6.3481965
947 -5.24007625
929 -4.131956
956 -3.02383575
988 -1.9157155
967 -0.80759525
997 0.300525
947 1.40864525
988 2.5167655
954 3.62488575
949 4.733006
966 5.84112625
891 6.9492465
842 8.05736675
672 9.165487
573 10.27360725
398 11.3817275
298 12.48984775
179 13.597968
93 14.70608825
49 15.8142085
28 16.92232875
12 18.030449
2 19.13856925
3 20.2466895
1 21.35480975
